Scene:3
effectVolume:1.000000
fullscreen:0
masterVolume:1.000000
musicVolume:1.000000
