Scene:1
effectVolume:1.000000
fullscreen:0
masterVolume:0.000000
musicVolume:0.699963
