Scene:0
effectVolume:1.000000
fullscreen:0
masterVolume:0.737510
musicVolume:0.399582
